# Lfix Rfix Lfree Rfree  (6x6, strike(0.5) at 0-idx (2,2), picks corners (0,0)&(5,5), 60 steps)
0 0 0 0
0 0 0 0
0 0 0 0
0 0 0 0
1651 0 6604 0
13538 0 54149 0
58548 45 234457 178
175936 512 706815 2046
408190 3053 1651091 12218
769212 12541 3152258 50277
1205131 39653 5059688 159511
1573598 102270 6914517 413809
1669044 222487 8037131 908908
1302654 416308 7793449 1727210
412264 676402 5942369 2877259
-852495 954215 2878629 4229745
-2128899 1153351 -403963 5490611
-2951097 1146730 -2676365 6252328
-2941633 822106 -3026460 6136078
-2001565 144993 -1325119 4986239
-399908 -788219 1659297 3029266
1299845 -1740723 4595053 895561
2461044 -2391765 6223485 -553197
2648855 -2452784 5973027 -556632
1827993 -1802232 4223977 1184088
382255 -576317 2082090 4296260
-1059890 839842 788617 7808992
-1912009 1937076 1091883 8388607
-1889498 2283482 2915149 7994586
-1117241 1717392 5474662 6803905
-38671 439187 7742376 5283302
818974 -1051928 8388607 4014945
1098846 -2159127 8014954 3463600
761796 -2441153 7062465 3780667
64130 -1801145 6040645 4735881
-605146 -521390 5234015 5817365
-929662 872831 4647745 6463385
-804752 1854117 4187735 6321903
-349315 2122013 3898830 5414338
195565 1712341 4048490 4122969
609244 941727 4957544 3008353
792515 225785 6695955 2548979
780764 -130329 8388607 2933509
680476 -63680 8388607 4005008
582526 249933 8071740 5373785
509902 518656 7349047 6627243
426066 501368 6356786 7520055
286784 129084 5466472 8048908
91493 -474847 5102453 8387509
-104614 -1072618 5468386 8388607
-225852 -1434898 6365650 8388607
-232454 -1440742 7244828 8326995
-156948 -1109689 7488111 8144228
-92623 -564669 6768111 7833331
-138132 39284 5268102 7446441
-331656 575488 3622887 7060807
-616205 967844 2603559 6734100
-859764 1177534 2721452 6481336
-921614 1179042 3972814 6286110
-729040 951908 5859880 6132593
