# pick_l pick_r  (9x9 fixed, centred strike(0.5)@(4,4) 0-idx; picks (4,2)(4,6); 128 steps)
0 0
0 0
33972 33972
167136 167136
450682 450682
865932 865932
1304914 1304914
1612784 1612784
1673126 1673126
1481819 1481819
1156326 1156326
867358 867358
733082 733082
745260 745260
779464 779464
686803 686803
408190 408190
32934 32934
-243353 -243353
-240817 -240817
78667 78667
565057 565057
949319 949319
991478 991478
619369 619369
-26570 -26570
-670313 -670313
-1052803 -1052803
-1069182 -1069182
-812052 -812052
-501806 -501806
-353172 -353172
-460922 -460922
-768368 -768368
-1125746 -1125746
-1390325 -1390325
-1500978 -1500978
-1485749 -1485749
-1410414 -1410414
-1314168 -1314168
-1180956 -1180956
-963385 -963385
-635662 -635662
-231824 -231824
161247 161247
451454 451454
594826 594826
616025 616025
582439 582439
552822 552822
539859 539859
514817 514817
449875 449875
363804 363804
331729 331729
444355 444355
739483 739483
1152460 1152460
1524750 1524750
1674628 1674628
1493653 1493653
1013604 1013604
403490 403490
-104203 -104203
-319307 -319307
-177223 -177223
239493 239493
745270 745270
1132965 1132965
1251782 1251782
1051364 1051364
583951 583951
-24994 -24994
-620952 -620952
-1066123 -1066123
-1278543 -1278543
-1256748 -1256748
-1080257 -1080257
-879095 -879095
-777777 -777777
-836027 -836027
-1017720 -1017720
-1210292 -1210292
-1289931 -1289931
-1197905 -1197905
-981014 -981014
-766207 -766207
-678980 -678980
-753506 -753506
-893461 -893461
-915678 -915678
-658140 -658140
-90478 -90478
642070 642070
1274283 1274283
1550569 1550569
1357633 1357633
785834 785834
85793 85793
-453152 -453152
-633853 -633853
-423162 -423162
63797 63797
643222 643222
1151306 1151306
1493980 1493980
1644905 1644905
1615092 1615092
1429588 1429588
1129162 1129162
784941 784941
497218 497218
360678 360678
409009 409009
577544 577544
720226 720226
684162 684162
402536 402536
-54124 -54124
-508746 -508746
-780022 -780022
-795938 -795938
-644684 -644684
-524355 -524355
-616971 -616971
-964094 -964094
-1425306 -1425306
-1751699 -1751699
