# pick_l pick_r  (9x9 NL: g0_2=754975 alpha=5033165 g2max=3783262, centred strike 0.9, 160 steps)
0 0
0 0
61149 61149
212140 212140
363575 363575
381776 381776
228218 228218
32041 32041
-58245 -58245
-25356 -25356
47340 47340
81372 81372
70834 70834
33226 33226
-51508 -51508
-153165 -153165
-145785 -145785
32067 32067
255340 255340
358587 358587
307597 307597
161333 161333
-30801 -30801
-227164 -227164
-364130 -364130
-351758 -351758
-184764 -184764
-466 -466
71184 71184
41663 41663
-14566 -14566
-76966 -76966
-145990 -145990
-184326 -184326
-130836 -130836
14940 14940
146750 146750
183984 183984
178475 178475
208693 208693
255550 255550
274517 274517
286733 286733
320750 320750
340759 340759
260608 260608
58354 58354
-153408 -153408
-267535 -267535
-303215 -303215
-309583 -309583
-252447 -252447
-105817 -105817
54186 54186
139931 139931
152751 152751
154921 154921
172187 172187
131217 131217
-24115 -24115
-227289 -227289
-366824 -366824
-398649 -398649
-353892 -353892
-277310 -277310
-167774 -167774
-32670 -32670
65337 65337
27831 27831
-159237 -159237
-355340 -355340
-379380 -379380
-167095 -167095
158104 158104
416846 416846
527270 527270
487848 487848
314171 314171
85162 85162
-47542 -47542
18803 18803
227599 227599
370568 370568
274352 274352
-30802 -30802
-361148 -361148
-535253 -535253
-508835 -508835
-344601 -344601
-109417 -109417
108144 108144
184479 184479
69982 69982
-134225 -134225
-243841 -243841
-159223 -159223
17578 17578
138413 138413
171480 171480
154675 154675
93470 93470
-448 -448
-66511 -66511
-44118 -44118
48522 48522
96522 96522
20461 20461
-110851 -110851
-135254 -135254
48610 48610
361442 361442
623346 623346
700887 700887
610664 610664
444096 444096
245541 245541
63204 63204
-3136 -3136
79801 79801
193100 193100
204803 204803
109745 109745
-23107 -23107
-154586 -154586
-303977 -303977
-468807 -468807
-555452 -555452
-513942 -513942
-430321 -430321
-402139 -402139
-399203 -399203
-368127 -368127
-332718 -332718
-312434 -312434
-242926 -242926
-67202 -67202
164080 164080
298700 298700
229513 229513
20522 20522
-207380 -207380
-400498 -400498
-515548 -515548
-455463 -455463
-200767 -200767
108244 108244
314607 314607
390695 390695
425531 425531
501618 501618
579989 579989
579237 579237
488226 488226
354898 354898
224624 224624
95358 95358
-12096 -12096
-14492 -14492
110979 110979
237743 237743
