# nN nS nE nW expected   (gamma2=754975 a0=8388346 sigk1=8388346, 100 steps)
4434327 4434327 8388607 1105709 1652616
8238160 8238160 8388607 1953944 5123829
8388607 8388607 7782387 2572308 8388607
7526656 7526638 7098179 3293784 8388607
6544709 6544564 6859827 4389764 7559232
5920835 5920591 7086677 5625331 6218410
5739939 5738839 7491705 6528457 4933947
5734107 5728924 7638119 6603161 4186714
5531460 5513993 7194786 5604538 4078321
4931131 4884814 6131756 3711227 4271034
4022309 3918057 4730981 1479553 4199752
3083853 2875886 3405875 -410396 3422555
2353743 1977149 2447692 -1480206 1890164
1841663 1214426 1862763 -1666976 -29909
1319961 352396 1401155 -1306911 -1780106
498382 -888230 747788 -906839 -2938775
-742598 -2588983 -259925 -846428 -3438848
-2227119 -4504747 -1535698 -1189199 -3552025
-3561395 -6144143 -2827250 -1705811 -3667939
-4368476 -7016079 -3908898 -2077231 -4026742
-4527287 -6889265 -4738679 -2134773 -4581990
-4257491 -5904246 -5463928 -1977526 -5071977
-3991940 -4475847 -6271953 -1893397 -5233014
-4116498 -3059823 -7198433 -2140838 -4996571
-4741050 -1939118 -7984684 -2739796 -4527803
-5641636 -1159732 -8242866 -3414729 -4090361
-6392981 -633393 -7726068 -3734336 -3844220
-6594451 -307253 -6487758 -3366661 -3722223
-6061399 -260207 -4882566 -2294059 -3475077
-4877227 -646141 -3394537 -854957 -2856488
-3299185 -1522852 -2388175 416933 -1821010
-1603104 -2698098 -1929785 1065132 -594965
21896 -3724830 -1784785 940144 435915
1470600 -4082433 -1586246 260726 955455
2642132 -3452019 -1062702 -518868 915785
3375068 -1918436 -180113 -952148 575638
3476265 36590 884555 -816445 350566
2846879 1763329 1905069 -191523 568428
1624885 2771447 2779769 623558 1283596
232298 2968915 3590800 1290353 2264029
-737058 2676281 4507167 1601072 3153625
-755897 2414172 5603093 1555032 3701347
390278 2595310 6727564 1322332 3909754
2484097 3303069 7533760 1137776 4011924
4954179 4277815 7670688 1192783 4298381
7111445 5101586 7023385 1574014 4910332
8388607 5454473 5841770 2256697 5729258
8388607 5283718 4641336 3129277 6415468
7524656 4793371 3955908 4021561 6618676
6171590 4279033 4049852 4724546 6169419
4688687 3929257 4758567 5019825 5154887
3299744 3722104 5565532 4732134 3843425
2087879 3471664 5875885 3797059 2519336
1066115 2977190 5328602 2311856 1339903
245034 2165450 3968005 532762 300188
-359035 1132354 2182823 -1194635 -688995
-770614 66604 461278 -2547378 -1681188
-1100158 -879975 -883853 -3327641 -2625340
-1528350 -1679499 -1858494 -3507335 -3395948
-2217695 -2414008 -2726804 -3199980 -3894238
-3201233 -3178177 -3801535 -2587024 -4139696
-4327244 -3976431 -5223610 -1848258 -4278650
-5310924 -4694147 -6862739 -1134073 -4497448
-5875697 -5166975 -8385868 -580146 -4897928
-5863927 -5299658 -8388608 -329926 -5324519
-5372138 -5145863 -7919462 -523131 -5540717
-4683923 -4867581 -7162376 -1226814 -5376917
-4101578 -4621957 -6335402 -2354667 -4844673
-3779517 -4452994 -5567974 -3634912 -4137571
-3658233 -4263139 -4847793 -4668699 -3510392
-3531086 -3885178 -4067236 -5069445 -3109269
-3191562 -3205427 -3129476 -4620718 -2862077
-2561106 -2252899 -2035635 -3371100 -2504423
-1717179 -1191460 -892356 -1613867 -1732549
-812805 -218298 160652 238666 -393884
46880 562847 1045659 1819016 1399178
878762 1206128 1793080 2922136 3300431
1792082 1878769 2506102 3524869 4886584
2875894 2733543 3273161 3716593 5847414
4085287 3782051 4096606 3601191 6103999
5212192 4854123 4892588 3239362 5800990
5971085 5673767 5561426 2663723 5197954
6152210 6006821 6071194 1943042 4539288
5747478 5789541 6483587 1234486 3979475
4968819 5160422 6892977 769040 3588294
4145596 4379846 7284511 761070 3396737
3562376 3691756 7463083 1287923 3422822
3331411 3212246 7195156 2212719 3652321
3366613 2904693 6348069 3204784 3991141
3461087 2642513 5002276 3859233 4239992
3410071 2307223 3456181 3861424 4135583
3102918 1855226 2101256 3116489 3458218
2539313 1317355 1226486 1782977 2153908
1780746 746196 863323 200234 397432
888821 161000 767421 -1248626 -1450832
-98979 -464311 555639 -2270971 -2981767
-1143395 -1162163 -77460 -2740819 -3900334
-2159310 -1915182 -1190053 -2698890 -4131454
-3002944 -2631518 -2569723 -2296812 -3820343
-3517217 -3177582 -3865884 -1724558 -3239608
