# out_l  (9x9 NL OS=4 decimated, 256 frames, impulse 0.5)
229
11221
71094
189602
292637
294909
206931
113605
64926
47431
48163
72619
90600
39496
-83113
-185456
-181147
-82990
37394
135327
189187
158274
22175
-150790
-246237
-224010
-145041
-75842
-29281
-10692
-48434
-136519
-202013
-184914
-116105
-65458
-43833
-12826
34420
70169
100479
164777
255781
305617
277854
216374
170544
126000
52865
-26288
-71566
-93853
-125486
-144096
-94766
14917
107290
130232
101566
45619
-47346
-164944
-236836
-209335
-119776
-44966
-7244
14286
9770
-52667
-150634
-210121
-197366
-149426
-96979
-19991
88518
174752
189879
163280
156885
177429
190774
195980
216268
226102
162121
21486
-113138
-168674
-149913
-91680
-4461
88362
114852
24715
-127166
-228402
-228205
-159556
-61795
47695
125528
106578
-9396
-132117
-180826
-167436
-146131
-127549
-94993
-64041
-58177
-45167
31380
156093
241953
238532
183768
132431
95000
75488
105477
186644
242629
193997
60996
-63309
-124056
-133872
-109906
-55669
-11873
-48207
-167702
-272362
-266051
-154377
-8798
119655
200485
185530
50304
-136119
-253066
-251022
-183872
-114756
-52517
3319
26478
15504
27664
105115
200554
232029
189547
131613
95037
73452
76291
132398
217520
245474
168879
42229
-52630
-99802
-128200
-140636
-125175
-112775
-151186
-218701
-228890
-140729
-9507
91019
142260
148013
86583
-45613
-178690
-223328
-172014
-93147
-31628
23996
74716
82419
36884
-5365
7569
54428
88529
116586
173000
238790
253178
203543
141376
99740
55459
-6237
-49826
-51697
-55729
-113709
-200739
-245186
-224118
-172222
-107989
-19326
70583
93238
23346
-73147
-118400
-109204
-84605
-49580
10773
67331
66826
14661
-24903
-22426
-18796
-45411
-64924
-29363
49201
131540
215669
310049
366815
314608
161986
5133
-79372
-97863
-85678
-52623
-16997
-35382
-136185
-250913
-273770
-183138
-54120
39458
75886
44870
-65309
-208963
