# dA_L dA_R dB_L dB_R  (8x8 fixed, strike(0.5)@0-idx(2,2); nodes (4,2)(4,6)(1,1)(3,7) 0-idx, 40 steps)
0 0 0 0
0 0 0 0
33972 0 67944 0
167136 0 334273 0
450682 0 899164 0
865932 0 1713815 0
1304914 33 2531672 13
1612784 383 2989914 153
1673125 2291 2795581 917
1481811 9435 1911591 3784
1156269 29966 621836 12062
867062 77886 -581831 31544
731894 171599 -1241031 70193
741365 327676 -1168151 136132
768625 549971 -542498 233947
660553 817922 192048 360531
351879 1081108 569508 502655
-75445 1267088 345608 638283
-432264 1304537 -392014 741963
-541114 1154953 -1298232 792131
-358918 838279 -1970954 776510
-21655 436374 -2152376 692426
223498 66452 -1820027 542075
161370 -168035 -1137284 326773
-259522 -226974 -323145 46048
-888543 -156991 458655 -294961
-1452354 -72499 1123144 -672471
-1704272 -99928 1608735 -1034308
-1554073 -312166 1814921 -1303882
-1103774 -688384 1608835 -1402501
-575261 -1122660 917840 -1283467
-181327 -1478264 -152841 -961293
-20931 -1657956 -1277108 -517727
-56088 -1650331 -2004964 -76154
-170658 -1525488 -1974740 246652
-260076 -1383212 -1128293 387604
-288876 -1285750 206402 357280
-284296 -1217095 1436994 220908
-283945 -1094691 1987245 51779
-287078 -826891 1590835 -113070
